988579328.000
1014620992.000
1065375936.000
1150266496.000
1177525760.000
1278335488.000
1213957376.000
1266353280.000
1341051008.000
1152707968.000
1182390656.000
1237370368.000
1287621504.000
1340038528.000
1457417984.000
1391499648.000
1378854528.000
1506596736.000
1193968896.000
1255769728.000
1369295744.000
1367491968.000
1395091584.000
1543149184.000
1439072000.000
1466758272.000
1592774144.000
1144948736.000
1179546240.000
1261855360.000
1431459968.000
1491292288.000
1592541696.000
1618097280.000
1668477824.000
1763793280.000
1283188480.000
1342197888.000
1454304768.000
1595457024.000
1647548160.000
1784557184.000
1778245248.000
1840431104.000
1937827072.000
1358982528.000
1425433984.000
1515917696.000
1696418176.000
1742983040.000
1872414080.000
1817488640.000
1922932224.000
2022312832.000
1217121152.000
1265938048.000
1345818368.000
1622275200.000
1726497664.000
1811048832.000
1899378816.000
1970290304.000
2069649408.000
1383689600.000
1431809664.000
1513162880.000
1787008384.000
1844914816.000
1984030080.000
2059047424.000
2142579200.000
2264992256.000
1465537024.000
1479824384.000
1566497024.000
1860343296.000
1933371904.000
2078382464.000
2138361216.000
2226806272.000
2316872960.000
1139904384.000
1171922176.000
1274906368.000
1254309376.000
1303971584.000
1453507072.000
1321920768.000
1417962240.000
1516579328.000
1438888576.000
1495859072.000
1620741888.000
1549189888.000
1602885888.000
1795069056.000
1663082112.000
1718118784.000
1835711872.000
1559506688.000
1674531584.000
1800504704.000
1714665600.000
1771314432.000
1983279488.000
1848912000.000
1912274816.000
2018877696.000
1309960320.000
1332438656.000
1450301440.000
1585438976.000
1660489088.000
1773193088.000
1759953792.000
1829698304.000
1947775232.000
1464094080.000
1508814592.000
1794796800.000
1936386432.000
1998096896.000
2124701056.000
2084966656.000
2162975488.000
2255607552.000
1790717696.000
1842940032.000
1910283264.000
2119585792.000
2201248512.000
2281314048.000
2261716992.000
2344362752.000
2404588544.000
1384778624.000
1422447232.000
1517736064.000
1779769088.000
1865068672.000
1963107072.000
2051305216.000
2124027264.000
2247860736.000
1681003776.000
1736060800.000
1820408064.000
2086922240.000
2162589952.000
2264054528.000
2364647168.000
2445563648.000
2558678784.000
1856372224.000
1921361664.000
1969143040.000
2254947584.000
2331045376.000
2445413888.000
2543686656.000
2627725568.000
2792596736.000
1226511104.000
1260575872.000
1332240000.000
1402590336.000
1420271488.000
1482246272.000
1464825088.000
1509092736.000
1560984192.000
1640774144.000
1706533632.000
1773394432.000
1798377984.000
1869194624.000
1905548800.000
1904220288.000
1980233600.000
1985738496.000
1879622656.000
1955011072.000
2033815296.000
2032625408.000
2102790016.000
2201662976.000
2147410304.000
2224751360.000
2331224576.000
1364121984.000
1406439680.000
1532167424.000
1668834304.000
1703167616.000
1851291392.000
1908619392.000
1886582400.000
2046786048.000
1785696256.000
1853876864.000
1949766784.000
2113911296.000
2191341824.000
2285193216.000
2296204544.000
2381587456.000
2480749056.000
2056394624.000
2151257600.000
2236640768.000
2387750144.000
2470371072.000
2605683712.000
2545230592.000
2612130560.000
2721893888.000
1474429952.000
1514453504.000
1593848320.000
1897675008.000
1966009856.000
2059331072.000
2138780672.000
2242855168.000
2350526464.000
1872186624.000
1945966848.000
1945966848.000
1945966848.000
1945966848.000
1945966848.000
1945966848.000
1945966848.000
1945966848.000
1945966848.000
1945966848.000
1945966848.000
1945966848.000
1945966848.000
1945966848.000
1945966848.000
1945966848.000
1945966848.000
998004544.000
1025997504.000
1076808064.000
1161931648.000
1191319168.000
1295157120.000
1226956416.000
1282279296.000
1359088640.000
1162808960.000
1196131072.000
1251225856.000
1302695552.000
1357482368.000
1478691328.000
1407333888.000
1396891648.000
1529750272.000
1204872064.000
1272906368.000
1386720128.000
1383912192.000
1411391872.000
1565283456.000
1457682560.000
1485341440.000
1617154176.000
1155349504.000
1193774336.000
1277350144.000
1445786880.000
1510034176.000
1615099520.000
1636081792.000
1694696576.000
1788593792.000
1296950272.000
1360654720.000
1475074176.000
1615317888.000
1671618432.000
1813921408.000
1801821056.000
1868756480.000
1968694272.000
1374128768.000
1445508608.000
1537579776.000
1716023808.000
1777645696.000
1904014080.000
1845526016.000
1961607424.000
2058993408.000
1231254912.000
1282004352.000
1365855104.000
1644210944.000
1753174656.000
1841918848.000
1925339008.000
2001165824.000
2104952832.000
1401463168.000
1455409024.000
1536604416.000
1816480384.000
1878603904.000
2023273600.000
2096316800.000
2183969280.000
2313933824.000
1491032448.000
1510977536.000
1602114432.000
1898863616.000
1978713472.000
2131108096.000
2182541568.000
2278927872.000
2377696512.000
1151896704.000
1185886464.000
1290628736.000
1267881088.000
1320792960.000
1475607296.000
1336038784.000
1438111488.000
1539472128.000
1453248640.000
1514630144.000
1644250880.000
1567657472.000
1625302784.000
1826745088.000
1684105472.000
1745026432.000
1867444608.000
1575093632.000
1697547392.000
1826919040.000
1735410816.000
1796583680.000
2017320448.000
1875560448.000
1946162304.000
2055858048.000
1324453376.000
1349568896.000
1470628352.000
1603387776.000
1684015872.000
1802241664.000
1782788096.000
1858734592.000
1980175872.000
1480465664.000
1529013632.000
1825956864.000
1968232832.000
2030810240.000
2169633024.000
2119925888.000
2202321152.000
2305861120.000
1813836416.000
1870664064.000
1942067456.000
2151986176.000
2240599552.000
2329088768.000
2303376896.000
2391568128.000
2458700544.000
1401547776.000
1443083264.000
1541687424.000
1805441024.000
1895335808.000
1999274880.000
2083704192.000
2160491776.000
2289815808.000
1704312064.000
1766389632.000
1852700800.000
2122676608.000
2205609472.000
2313927936.000
2410707968.000
2499538688.000
2622977280.000
1890860288.000
1962909184.000
2014053632.000
2303728384.000
2387411712.000
2509587712.000
2600257536.000
2696506112.000
2875472896.000
1238653184.000
1278208896.000
1352396672.000
1423501312.000
1443755392.000
1507188096.000
1492855680.000
1542003584.000
1598084096.000
1663602688.000
1732750848.000
1802894080.000
1827376640.000
1902510592.000
1942634240.000
1943958272.000
2026696064.000
2036224896.000
1904244224.000
1985871488.000
2066536704.000
2068379392.000
2144431232.000
2247800576.000
2193388032.000
2282002944.000
2395762944.000
1380990720.000
1429293568.000
1555741184.000
1691410816.000
1733994624.000
1885130624.000
1942654848.000
1928324992.000
2095233408.000
1810206848.000
1882828416.000
1992065280.000
2150095616.000
2234638336.000
2347910912.000
2348276480.000
2440628992.000
2556334336.000
2085653632.000
2187867136.000
2275323392.000
2433573888.000
2524598528.000
2667201792.000
2614667776.000
2685633024.000
2801639168.000
1494407296.000
1538468096.000
1627699200.000
1931146240.000
2006566016.000
2105631104.000
2179741696.000
2293079808.000
2408963328.000
1902831232.000
1983439616.000
1983439616.000
1983439616.000
1983439616.000
1983439616.000
1983439616.000
1983439616.000
1983439616.000
1983439616.000
1983439616.000
1983439616.000
1983439616.000
1983439616.000
1983439616.000
1983439616.000
1983439616.000
1983439616.000
99004407808.000
101597380608.000
106635657216.000
115235995648.000
117886533632.000
128082395136.000
121689899008.000
126865227776.000
134474948608.000
115444088832.000
118414630912.000
123817189376.000
128934174720.000
134214475776.000
145974755328.000
139301076992.000
138073341952.000
151018487808.000
119469031424.000
125884153856.000
137131319296.000
136924798976.000
139547312128.000
154523959296.000
144165732352.000
146710691840.000
159482757120.000
114656231424.000
118105702400.000
126351147008.000
143297789952.000
149283880960.000
159438471168.000
161935966208.000
167629668352.000
176600612864.000
128508018688.000
134413303808.000
145704992768.000
159747375104.000
165017714688.000
178723602432.000
178031493120.000
184362385408.000
194076246016.000
136098226176.000
142840791040.000
151942004736.000
169779707904.000
174754217984.000
187543896064.000
182059319296.000
192695009280.000
202549084160.000
121914253312.000
126908022784.000
134820741120.000
162437234688.000
172914032640.000
181756952576.000
190637752320.000
197844647936.000
208055894016.000
138601840640.000
143368994816.000
151628398592.000
179008995328.000
184871190528.000
198667517952.000
206532018176.000
214980968448.000
227472818176.000
147162890240.000
148789067776.000
157499080704.000
186708099072.000
194236219392.000
208866902016.000
214684205056.000
223682428928.000
233089204224.000
114214879232.000
117325971456.000
127666511872.000
125553270784.000
130523045888.000
145525522432.000
132312293376.000
142033698816.000
152103124992.000
144073064448.000
149775646720.000
162331049984.000
155031257088.000
160432816128.000
179880329216.000
166480101376.000
172066258944.000
184020041728.000
156126625792.000
167777370112.000
180629209088.000
171580833792.000
177343266816.000
198799147008.000
185202098176.000
191678988288.000
202203201536.000
131186540544.000
133357125632.000
145277190144.000
158682447872.000
166150815744.000
177488609280.000
176167976960.000
183079878656.000
195166912512.000
146736594944.000
151163158528.000
179787776000.000
193920303104.000
199952728064.000
212977369088.000
208723476480.000
216545460224.000
226693758976.000
179319554048.000
184560959488.000
191222611968.000
212237713408.000
220248686592.000
228788846592.000
226399387648.000
234682138624.000
241007034368.000
138717396992.000
142455111680.000
152091607040.000
178177376256.000
186702544896.000
196978245632.000
205935607808.000
213357576192.000
226033106944.000
168344682496.000
173798768640.000
182359539712.000
209054711808.000
216665604096.000
226962440192.000
237221838848.000
245453520896.000
257084735488.000
186297073664.000
192887717888.000
197885476864.000
226299445248.000
233988685824.000
245579169792.000
255301517312.000
263881244672.000
280799608832.000
122857308160.000
126244102144.000
133473296384.000
140492783616.000
142133411840.000
148454244352.000
147211812864.000
151610540032.000
156956688384.000
164306468864.000
170979082240.000
177908285440.000
180075839488.000
187187937280.000
190986289152.000
191121391616.000
198838321152.000
199652229120.000
188747005952.000
196324950016.000
204478758912.000
203887984640.000
211031719936.000
221105438720.000
215693754368.000
223660032000.000
234621517824.000
136571813888.000
140822052864.000
153506168832.000
167056310272.000
170476994560.000
185420349440.000
191490785280.000
189462872064.000
205613498368.000
178888458240.000
185646530560.000
195128426496.000
211750682624.000
219558789120.000
229298520064.000
230339739648.000
239021883392.000
249628033024.000
206574714880.000
216159191040.000
225070399488.000
239573336064.000
247948066816.000
261735022592.000
255868157952.000
262637420544.000
273735794688.000
147686146048.000
151825072128.000
159376523264.000
190051106816.000
196806361088.000
206258323456.000
214816620544.000
225416577024.000
236492750848.000
187558707200.000
194975727616.000
194975727616.000
194975727616.000
194975727616.000
194975727616.000
194975727616.000
194975727616.000
194975727616.000
194975727616.000
194975727616.000
194975727616.000
194975727616.000
194975727616.000
194975727616.000
194975727616.000
194975727616.000
194975727616.000
476788.416
489407.004
514644.180
496461.323
509079.911
534317.087
516354.963
528973.551
554210.727
496461.323
509079.911
534317.087
516060.731
528679.319
553916.494
535880.870
548499.458
573736.634
516354.963
528973.551
554210.727
535880.870
548499.458
573736.634
555627.510
568246.098
593483.274
496604.622
509223.210
534460.385
516277.529
528896.117
554133.293
536171.168
548789.756
574026.932
516204.029
528822.617
554059.793
535803.436
548422.024
573659.200
555623.576
568242.164
593479.340
536024.168
548642.756
573879.932
555550.076
568168.664
593405.840
575296.715
587915.303
613152.479
516478.617
529097.205
554334.381
536151.524
548770.112
574007.288
556045.164
568663.752
593900.928
536004.524
548623.112
573860.288
555603.931
568222.519
593459.695
575424.071
588042.659
613279.835
555751.164
568369.752
593606.928
575277.071
587895.659
613132.835
595023.711
607642.299
632879.475
496461.323
509079.911
534317.087
516060.731
528679.319
553916.494
535880.870
548499.458
573736.634
516134.231
528752.819
553989.994
535660.138
548278.726
573515.902
555406.777
568025.365
593262.541
536027.870
548646.458
573883.634
555480.277
568098.865
593336.041
575153.417
587772.005
613009.181
516204.029
528822.617
554059.793
535803.436
548422.024
573659.200
555623.576
568242.164
593479.340
535803.436
548422.024
573659.200
555329.343
567947.931
593185.107
575075.983
587694.571
612931.747
555623.576
568242.164
593479.340
575075.983
587694.571
612931.747
594749.123
607367.711
632604.887
536004.524
548623.112
573860.288
555603.931
568222.519
593459.695
575424.071
588042.659
613279.835
555530.431
568149.019
593386.195
575056.338
587674.926
612912.102
594802.978
607421.566
632658.742
575277.071
587895.659
613132.835
594729.478
607348.066
632585.242
614402.618
627021.206
652258.382
516354.963
528973.551
554210.727
535880.870
548499.458
573736.634
555627.510
568246.098
593483.274
536027.870
548646.458
573883.634
555480.277
568098.865
593336.041
575153.417
587772.005
613009.181
555921.510
568540.098
593777.274
575300.417
587919.005
613156.181
594900.057
607518.645
632755.821
536024.168
548642.756
573879.932
555550.076
568168.664
593405.840
575296.715
587915.303
613152.479
555623.576
568242.164
593479.340
575075.983
587694.571
612931.747
594749.123
607367.711
632604.887
575443.715
588062.303
613299.479
594822.623
607441.211
632678.387
614422.262
627040.850
652278.026
555751.164
568369.752
593606.928
575277.071
587895.659
613132.835
595023.711
607642.299
632879.475
575277.071
587895.659
613132.835
594729.478
607348.066
632585.242
614402.618
627021.206
652258.382
595023.711
607642.299
632879.475
614402.618
627021.206
652258.382
634002.258
646620.846
671858.022
