37271308.000
39250700.000
39656960.000
57148908.000
51489232.000
55537500.000
63860016.000
58721328.000
70313160.000
48973988.000
47176592.000
51189236.000
49264820.000
51268788.000
54361032.000
55322636.000
57780856.000
70406872.000
51729304.000
52742684.000
58887672.000
50595952.000
54203272.000
60697780.000
63739096.000
54371876.000
60852128.000
48294912.000
49857760.000
53339884.000
44962956.000
39506368.000
41769640.000
54578848.000
57415324.000
49132608.000
46379076.000
49659500.000
54464068.000
45612624.000
47613788.000
54370140.000
53471268.000
47344108.000
49841260.000
51658412.000
52905616.000
61069960.000
52002508.000
54170560.000
60851392.000
50919008.000
56812460.000
55730172.000
54607220.000
53244644.000
60053768.000
42705344.000
42902420.000
45749240.000
50710336.000
52277284.000
54535472.000
54371464.000
56096772.000
60017620.000
45534720.000
47515716.000
53815160.000
50635984.000
52257972.000
54594400.000
56128112.000
53530708.000
57300904.000
50576936.000
53070284.000
60712732.000
50948524.000
54313744.000
55982256.000
47785396.000
46893524.000
52549300.000
46663520.000
48547848.000
54247264.000
50484000.000
57897032.000
70533248.000
37685680.000
39413204.000
42990368.000
45779276.000
47641472.000
54327568.000
54259120.000
56566380.000
70585464.000
51159592.000
45556028.000
59530920.000
50985688.000
52369860.000
54901408.000
64076448.000
67024624.000
61144980.000
48381832.000
49821088.000
52969684.000
45395840.000
47768244.000
53117836.000
53609448.000
47081360.000
57622552.000
45762420.000
47689408.000
51998224.000
38970812.000
39877104.000
59823368.000
49314532.000
47069224.000
60282100.000
45568612.000
50010084.000
49251156.000
42718552.000
47185560.000
50912644.000
45370884.000
47053716.000
49744980.000
53899256.000
56323192.000
60361348.000
44534936.000
48784628.000
51424936.000
50817832.000
52424552.000
54735108.000
54016620.000
56291172.000
60327536.000
43822756.000
44846832.000
47114728.000
50725136.000
52349352.000
54674084.000
53864204.000
56297976.000
56297724.000
51177356.000
52947376.000
55414944.000
50741440.000
52395660.000
54786880.000
54304844.000
53199476.000
58623560.000
53566724.000
53249156.000
58874948.000
63724956.000
57956432.000
59342732.000
46156124.000
47737900.000
50484276.000
49562664.000
51803120.000
49861392.000
53289716.000
55739540.000
55416364.000
57110568.000
58851076.000
61357668.000
57181840.000
58951132.000
61377008.000
64068488.000
66975056.000
69145912.000
51014968.000
53205560.000
58743596.000
51233428.000
53287708.000
59068632.000
53341284.000
53340876.000
59380904.000
46497060.000
48033740.000
52473780.000
46663912.000
48277688.000
50755380.000
53611836.000
55574464.000
60474508.000
57161372.000
58908544.000
61382024.000
57129732.000
58938016.000
61381752.000
57250584.000
59033712.000
61553844.000
55709092.000
55947408.000
59562384.000
53611928.000
56041852.000
59228380.000
51198340.000
56173856.000
59322792.000
51031192.000
53392528.000
53392528.000
53392528.000
53392528.000
53392528.000
53392528.000
53392528.000
53392528.000
53392528.000
53392528.000
53392528.000
53392528.000
53392528.000
53392528.000
53392528.000
53392528.000
53392528.000
38415088.000
39489576.000
39997744.000
58608660.000
51819900.000
57182708.000
65181780.000
60603920.000
71859048.000
50327260.000
47548984.000
51581472.000
49644616.000
51721520.000
57380856.000
55745812.000
58242736.000
72779672.000
52013252.000
53147896.000
59974208.000
51056324.000
54663740.000
63264856.000
65721012.000
54916572.000
61543216.000
48701544.000
50192672.000
52950128.000
44959572.000
39849216.000
42806608.000
54896160.000
58764128.000
49582696.000
46785660.000
50157232.000
55699168.000
46712984.000
48281860.000
56957896.000
53720192.000
48148308.000
50753584.000
52109876.000
53463180.000
61709944.000
52695348.000
54814184.000
63036128.000
51782476.000
59027756.000
56838848.000
54011216.000
53715344.000
59725676.000
43040200.000
43617784.000
46971596.000
51551744.000
53213268.000
55563888.000
55044980.000
56771760.000
61203608.000
46039224.000
48217336.000
57383528.000
51913436.000
53626144.000
58316668.000
56405188.000
54062136.000
57603168.000
51412692.000
53881152.000
63542136.000
52353876.000
55267572.000
57086584.000
48220872.000
47323960.000
53054296.000
47094672.000
49065436.000
56379484.000
50881116.000
58430920.000
71692800.000
38046352.000
39939360.000
45399624.000
46321956.000
48278812.000
57032668.000
54936496.000
57394440.000
72748560.000
51473488.000
48102020.000
61010536.000
51397700.000
52883968.000
55820424.000
66437816.000
69602152.000
62264332.000
48734832.000
50231384.000
55204088.000
45505072.000
48522284.000
54032132.000
53852200.000
47951060.000
58242420.000
46229708.000
48225968.000
53835824.000
41721148.000
40514836.000
57264444.000
46076608.000
47797300.000
62294956.000
46247388.000
50815244.000
50066468.000
42100520.000
49323760.000
53775336.000
46144600.000
47932552.000
50542372.000
54339408.000
56857468.000
59635604.000
45388396.000
49790552.000
55223228.000
51555196.000
53227568.000
55630920.000
54701196.000
57165172.000
60439084.000
43881008.000
45533824.000
47895444.000
51938324.000
53712264.000
56344488.000
54747496.000
57332844.000
57427252.000
51861312.000
53741908.000
56329608.000
52439892.000
54357816.000
56974876.000
55245100.000
53752316.000
59846952.000
54269248.000
53972296.000
60010256.000
64870372.000
58470656.000
60262256.000
46417556.000
48060020.000
50858204.000
50163880.000
52524836.000
50544612.000
54008968.000
56619976.000
56219252.000
57442184.000
59278032.000
61853572.000
57605344.000
59479700.000
62021092.000
66467156.000
69826192.000
72224320.000
51530924.000
53892960.000
60789468.000
52091456.000
54258612.000
60640108.000
55050284.000
54538344.000
60740568.000
46855992.000
48488408.000
53710616.000
47188052.000
48937164.000
53620824.000
54197848.000
56259236.000
62881776.000
57686728.000
59561188.000
62131732.000
57848248.000
59816224.000
62428656.000
58056436.000
59988644.000
62747380.000
58624964.000
56805056.000
60409548.000
54789232.000
57389640.000
62006492.000
52601612.000
57808452.000
61249720.000
52015760.000
54616884.000
54616884.000
54616884.000
54616884.000
54616884.000
54616884.000
54616884.000
54616884.000
54616884.000
54616884.000
54616884.000
54616884.000
54616884.000
54616884.000
54616884.000
54616884.000
54616884.000
376239520.000
392339264.000
395774592.000
577235904.000
514705952.000
566181376.000
646887424.000
599108672.000
714709184.000
498409088.000
471943072.000
511700864.000
492481184.000
512588480.000
557141376.000
553010240.000
577548224.000
716067520.000
517042336.000
527587456.000
611927552.000
506130400.000
541742464.000
622496640.000
644664000.000
543453440.000
608323200.000
488862912.000
498797920.000
542398016.000
448245824.000
395431936.000
418120256.000
545486656.000
582450304.000
491749024.000
463641216.000
496898560.000
558251584.000
456275040.000
476323264.000
558706752.000
533109408.000
473740352.000
498741568.000
516367616.000
529199680.000
625805952.000
519778400.000
541463872.000
624008576.000
509379584.000
573243392.000
557575296.000
560011840.000
532860512.000
613620608.000
427104384.000
429076864.000
496380128.000
509976224.000
526345664.000
549733184.000
558344000.000
561381696.000
613632768.000
455592736.000
475446176.000
543846720.000
509297888.000
526200896.000
558663616.000
553022912.000
535805696.000
572940864.000
506178912.000
531179648.000
618284288.000
511289056.000
543768128.000
561211136.000
487258048.000
468462720.000
524696448.000
466091232.000
485016288.000
549471296.000
504582624.000
578690176.000
717016320.000
376698528.000
393979680.000
437064576.000
457559456.000
476203712.000
554135424.000
543139072.000
566230016.000
717765312.000
511590368.000
465985920.000
607963136.000
509843232.000
523899008.000
549719040.000
649929280.000
680977088.000
611227136.000
483961728.000
498343040.000
535221504.000
452516256.000
477117664.000
530403232.000
534468832.000
470290176.000
573482560.000
457815424.000
477095168.000
547283392.000
398851616.000
399154112.000
582792384.000
494333600.000
471101216.000
612997888.000
455778848.000
500107488.000
492835168.000
445085312.000
480247200.000
527436320.000
454094912.000
470952576.000
496155968.000
539312832.000
563610112.000
616701184.000
444605760.000
487058784.000
526747136.000
511076160.000
527752384.000
551871872.000
540518656.000
563316160.000
616723584.000
458952544.000
455000736.000
493233280.000
510213632.000
527076288.000
552082304.000
539012672.000
563474944.000
563575872.000
512201952.000
529804992.000
554505216.000
511800768.000
529315680.000
554197760.000
538357440.000
531517376.000
609208256.000
535236800.000
532000704.000
608291968.000
643512128.000
579595968.000
593509440.000
461513344.000
477289568.000
504073760.000
495579840.000
518052128.000
498551072.000
533389344.000
557943040.000
554318848.000
570468608.000
587727104.000
612821312.000
571186944.000
588796544.000
613179136.000
649300416.000
679467904.000
702055168.000
509669408.000
531585664.000
603135936.000
511840800.000
532391392.000
609809088.000
540906368.000
533173664.000
593750080.000
464893920.000
480044288.000
525072064.000
466349408.000
482420448.000
512173600.000
534939904.000
554586368.000
611672448.000
570962688.000
588321920.000
612941952.000
570595776.000
588574400.000
613139456.000
572339712.000
590228864.000
615339648.000
579452864.000
558857984.000
595919488.000
535545280.000
559792704.000
611263168.000
511710240.000
560663552.000
591953216.000
510566432.000
534312128.000
534312128.000
534312128.000
534312128.000
534312128.000
534312128.000
534312128.000
534312128.000
534312128.000
534312128.000
534312128.000
534312128.000
534312128.000
534312128.000
534312128.000
534312128.000
534312128.000
