512962176.000
527129248.000
552745344.000
597064128.000
611570176.000
663163136.000
630515136.000
657672896.000
696560192.000
597984576.000
614004800.000
641821696.000
668472320.000
695709888.000
755908096.000
721751040.000
716341952.000
782619648.000
619352832.000
652466432.000
710291968.000
710004864.000
723655936.000
800371968.000
747605696.000
760847680.000
826993920.000
593914560.000
612639744.000
655022144.000
743038592.000
774127424.000
826304896.000
839365120.000
866481536.000
915438016.000
666136128.000
696892224.000
754368192.000
827953536.000
855092416.000
925389248.000
922652032.000
955034240.000
1005660736.000
705457664.000
740229056.000
787077824.000
879597248.000
904586112.000
970948352.000
944697216.000
998332224.000
1049489536.000
631756480.000
657613312.000
699013184.000
842061312.000
895406208.000
939236416.000
985658112.000
1022056832.000
1073668032.000
717757440.000
743441408.000
786050624.000
927376320.000
957524736.000
1028897536.000
1068337600.000
1110939264.000
1174460544.000
760194496.000
769388096.000
814888512.000
965538240.000
1003495744.000
1077792384.000
1109596800.000
1154572672.000
1202232704.000
591713856.000
608735040.000
661411904.000
650793408.000
676556288.000
754035136.000
685908288.000
736308992.000
787317056.000
746544640.000
776093696.000
840500928.000
803552128.000
831419840.000
930844928.000
862462912.000
891070720.000
952723008.000
809174208.000
869041344.000
933778048.000
889326592.000
918739008.000
1028382912.000
959613312.000
992499136.000
1047274752.000
679671104.000
691959488.000
752289536.000
822759488.000
861788928.000
919583744.000
913199104.000
949665536.000
1010129600.000
762753984.000
786322752.000
930773504.000
1004003904.000
1036028992.000
1101667072.000
1081268608.000
1121707392.000
1170665088.000
929213312.000
956104832.000
992282624.000
1098880384.000
1141366400.000
1183934592.000
1172953984.000
1215800064.000
1248693248.000
718507200.000
738716352.000
787357760.000
923577920.000
967297344.000
1018053312.000
1064416448.000
1102168960.000
1165749888.000
872126016.000
900860928.000
944185152.000
1082116864.000
1121340928.000
1173930496.000
1226286720.000
1268228608.000
1326865664.000
963128128.000
996980928.000
1022179904.000
1169180544.000
1208720768.000
1267912576.000
1319140608.000
1362705280.000
1447686272.000
636589248.000
654825280.000
691259520.000
727668032.000
737639488.000
769102272.000
760384640.000
783700224.000
810008192.000
851030592.000
885116800.000
919815232.000
932712832.000
969418304.000
988837120.000
987583296.000
1026980096.000
1030396032.000
975178624.000
1013948096.000
1055170432.000
1054219136.000
1090593920.000
1141837184.000
1113997440.000
1154112896.000
1209355008.000
708389376.000
731038272.000
794816256.000
866247616.000
885320640.000
960124096.000
989871104.000
980780736.000
1061414144.000
926676096.000
962158400.000
1012167616.000
1096079104.000
1136200576.000
1185658240.000
1190469248.000
1234700672.000
1287065984.000
1066997632.000
1115552896.000
1160583424.000
1237964288.000
1280769024.000
1350919936.000
1320504832.000
1355265408.000
1412645376.000
764893888.000
786505536.000
828082688.000
984172352.000
1019678400.000
1068014400.000
1109856512.000
1163081600.000
1218884992.000
971717120.000
1010047808.000
1066662912.000
1193182592.000
1238684800.000
1288974336.000
1333196416.000
1377315328.000
1445576576.000
1108497920.000
1162006016.000
1216560256.000
1337359360.000
1383793792.000
1445132288.000
1474217856.000
1521057792.000
1587671296.000
519204256.000
534414112.000
560061184.000
604528256.000
620168960.000
673420480.000
638754816.000
667467264.000
707503040.000
604616640.000
622565632.000
650451392.000
677786944.000
706341120.000
768618112.000
731560320.000
727339648.000
796322816.000
626419136.000
663018048.000
720896448.000
720098176.000
733680192.000
813572096.000
758972736.000
772109696.000
841413120.000
600739136.000
621460352.000
664551872.000
751975168.000
785397440.000
839642048.000
850249600.000
881758016.000
930034816.000
674643456.000
708133440.000
766787008.000
839873792.000
869359232.000
942418944.000
936603904.000
971637312.000
1023525504.000
714745216.000
752373760.000
800051584.000
891415936.000
924006528.000
989312128.000
961107520.000
1019873408.000
1070596736.000
640584960.000
667445440.000
711239936.000
855105088.000
910914944.000
957088448.000
1000886848.000
1039887232.000
1093891584.000
728481152.000
757460224.000
800025344.000
944444032.000
976934592.000
1051346304.000
1089511168.000
1134287872.000
1201928064.000
774873344.000
787137792.000
835053056.000
987211840.000
1028843648.000
1107009408.000
1134370944.000
1183478528.000
1235832320.000
599334720.000
617415680.000
671107520.000
659211008.000
686864832.000
767080192.000
694679936.000
748465152.000
800991488.000
755476288.000
787354624.000
854334592.000
814712000.000
844769088.000
948992000.000
875021440.000
906926208.000
971142144.000
818765760.000
882599040.000
949210432.000
901727424.000
933659840.000
1047892224.000
975197952.000
1012097024.000
1068476032.000
688695360.000
702438144.000
764526336.000
833675840.000
875678528.000
936433408.000
926712512.000
966557824.000
1028862720.000
772897728.000
798606400.000
948625920.000
1022276544.000
1054765440.000
1126858368.000
1101286272.000
1144067712.000
1198861568.000
942857152.000
972267200.000
1010804032.000
1117593088.000
1163787520.000
1211013504.000
1196563456.000
1242348288.000
1279174784.000
728807040.000
751084672.000
801639232.000
938727296.000
984864320.000
1038812032.000
1083181824.000
1123115776.000
1189655168.000
885932096.000
918574144.000
962913600.000
1102575872.000
1145663104.000
1202088064.000
1252283264.000
1298429184.000
1362472192.000
982725696.000
1020344448.000
1047295424.000
1196435456.000
1239957248.000
1303261056.000
1350663808.000
1400636928.000
1493039616.000
644421056.000
665569536.000
703416832.000
740064640.000
751626944.000
783847744.000
776440384.000
802301440.000
830721792.000
864505088.000
900443712.000
936942848.000
949468416.000
988540224.000
1010271552.000
1009871552.000
1052808512.000
1058467712.000
989575744.000
1031702336.000
1073973888.000
1074516608.000
1114046976.000
1167753856.000
1139653376.000
1185664512.000
1244773888.000
718783040.000
744776256.000
808811072.000
879694336.000
903388800.000
979704000.000
1009218048.000
1004270016.000
1088360448.000
941104640.000
979047104.000
1035879616.000
1116794496.000
1160696448.000
1219849984.000
1219420032.000
1267331712.000
1328065024.000
1084035072.000
1136561536.000
1182769152.000
1263849856.000
1311124224.000
1385246336.000
1358363520.000
1395382272.000
1456456960.000
777010496.000
800550912.000
847914624.000
1003265600.000
1042681920.000
1094007424.000
1133053696.000
1191041408.000
1251175808.000
989309952.000
1031186624.000
1092334720.000
1222408192.000
1272557184.000
1327040384.000
1367299712.000
1418584576.000
1492227072.000
1130537472.000
1189713792.000
1248709376.000
1373142912.000
1425005824.000
1493155968.000
1516878336.000
1572046720.000
1645564544.000
51437305856.000
52844556288.000
55382204416.000
59882139648.000
61283233792.000
66505883648.000
63270273024.000
65947336704.000
69913059328.000
59949031424.000
61552693248.000
64273801216.000
66993397760.000
69740306432.000
75765170176.000
72309399552.000
71789510656.000
78504902656.000
62021222400.000
65478934528.000
71196008448.000
71148101632.000
72427601920.000
80200638464.000
74960863232.000
76143902720.000
82863521792.000
59544002560.000
61410684928.000
65658003456.000
74446200832.000
77557080064.000
82788704256.000
84060348416.000
87095025664.000
91728535552.000
66780065792.000
69857681408.000
75651670016.000
82963898368.000
85714665472.000
92742762496.000
92436430848.000
95742853120.000
100790190080.000
70719242240.000
74253475840.000
78972813312.000
88087896064.000
90751205376.000
97320984576.000
94708080640.000
100103987200.000
105187221504.000
63361069056.000
66024435712.000
70114820096.000
84400381952.000
89771474944.000
94345822208.000
98996469760.000
102689710080.000
108005171200.000
71976443904.000
74525278208.000
78854414336.000
92983902208.000
96047185920.000
103120134144.000
107228061696.000
111528574976.000
118013599744.000
76401016832.000
77433159680.000
81996234752.000
96971792384.000
100886085632.000
108377817088.000
111463530496.000
116029849600.000
121010257920.000
59362357248.000
61009215488.000
66305261568.000
65201205248.000
67779866624.000
75567980544.000
68710543360.000
73823117312.000
79039561728.000
74817101824.000
77775364096.000
84258816000.000
80465575936.000
83271172096.000
93339418624.000
86394511360.000
89305923584.000
95573893120.000
81072971776.000
87142350848.000
93738926080.000
89043656704.000
92043714560.000
103138951168.000
96189194240.000
99558154240.000
104961671168.000
68141785088.000
69324357632.000
75442937856.000
82412625920.000
86296756224.000
92124946432.000
91475935232.000
95086919680.000
101306245120.000
76533522432.000
78862352384.000
93329547264.000
100613644288.000
103742513152.000
110504075264.000
108314664960.000
112371236864.000
117704179712.000
93130014720.000
95826526208.000
99412426752.000
110101118976.000
114267815936.000
118811877376.000
117483053056.000
121777922048.000
125248626688.000
72068816896.000
74075987968.000
79003582464.000
92547350528.000
96923009024.000
102240051200.000
106930364416.000
110783602688.000
117298847744.000
87430807552.000
90275758080.000
94680211456.000
108488810496.000
112440459264.000
117764087808.000
123095719936.000
127361589248.000
133387001856.000
96731480064.000
100160643072.000
102802366464.000
117403590656.000
121402687488.000
127398428672.000
132467392512.000
136912920576.000
145630347264.000
63853948928.000
65667239936.000
69346271232.000
72974106624.000
73895067648.000
77111615488.000
76492513280.000
78794104832.000
81506844672.000
85309693952.000
88774705152.000
92354412544.000
93479018496.000
97169833984.000
99206168576.000
99183403008.000
103181402112.000
103659896832.000
97992916992.000
101883084800.000
106152050688.000
105803284480.000
109505323008.000
114723790848.000
111958245376.000
116085252096.000
121768976384.000
71008092160.000
73293848576.000
79736356864.000
86798426112.000
88708448256.000
96261177344.000
99385524224.000
98574778368.000
106700169216.000
92935479296.000
96451182592.000
101405868032.000
109887889408.000
113938161664.000
119068876800.000
119489896448.000
123986550784.000
129584029696.000
107266654208.000
112164454400.000
116868939776.000
124280807424.000
128618627072.000
135764828160.000
132812537856.000
136327364608.000
142138327040.000
76718546944.000
78971305984.000
82898386944.000
98672959488.000
102179463168.000
107089551360.000
111552241664.000
116984168448.000
122726711296.000
97463353344.000
101323710464.000
106921844736.000
119614210048.000
124285304832.000
129142661120.000
133927927808.000
138426073088.000
145440784384.000
111507841024.000
116930691072.000
122517733376.000
134374785024.000
139094867968.000
145458266112.000
148211499008.000
153043238912.000
159931400192.000
410589.706
413800.149
420221.036
415594.922
418805.365
425226.252
420656.297
423866.740
430287.627
415594.922
418805.365
425226.252
420581.438
423791.881
430212.768
425624.113
428834.556
435255.443
420656.297
423866.740
430287.627
425624.113
428834.556
435255.443
430648.088
433858.531
440279.418
415631.380
418841.823
425262.710
420636.596
423847.039
430267.926
425697.971
428908.414
435329.301
420617.896
423828.339
430249.226
425604.412
428814.855
435235.742
430647.087
433857.530
440278.417
425660.571
428871.014
435291.901
430628.387
433838.830
440259.717
435652.362
438862.805
445283.692
420687.757
423898.200
430319.087
425692.973
428903.416
435324.303
430754.348
433964.791
440385.678
425655.573
428866.016
435286.903
430642.089
433852.532
440273.419
435684.764
438895.207
445316.094
430679.548
433889.991
440310.878
435647.364
438857.807
445278.694
440671.339
443881.782
450302.669
415594.922
418805.365
425226.252
420581.438
423791.881
430212.768
425624.113
428834.556
435255.443
420600.138
423810.581
430231.468
425567.953
428778.397
435199.284
430591.928
433802.372
440223.259
425661.513
428871.956
435292.843
430610.628
433821.072
440241.959
435615.903
438826.347
445247.234
420617.896
423828.339
430249.226
425604.412
428814.855
435235.742
430647.087
433857.530
440278.417
425604.412
428814.855
435235.742
430572.227
433782.671
440203.558
435596.202
438806.646
445227.533
430647.087
433857.530
440278.417
435596.202
438806.646
445227.533
440601.477
443811.921
450232.808
425655.573
428866.016
435286.903
430642.089
433852.532
440273.419
435684.764
438895.207
445316.094
430623.389
433833.832
440254.719
435591.204
438801.648
445222.535
440615.179
443825.623
450246.510
435647.364
438857.807
445278.694
440596.479
443806.923
450227.810
445601.754
448812.198
455233.085
420656.297
423866.740
430287.627
425624.113
428834.556
435255.443
430648.088
433858.531
440279.418
425661.513
428871.956
435292.843
430610.628
433821.072
440241.959
435615.903
438826.347
445247.234
430722.888
433933.331
440354.218
435653.303
438863.747
445284.634
440639.878
443850.322
450271.209
425660.571
428871.014
435291.901
430628.387
433838.830
440259.717
435652.362
438862.805
445283.692
430647.087
433857.530
440278.417
435596.202
438806.646
445227.533
440601.477
443811.921
450232.808
435689.762
438900.205
445321.092
440620.177
443830.621
450251.508
445606.752
448817.196
455238.083
430679.548
433889.991
440310.878
435647.364
438857.807
445278.694
440671.339
443881.782
450302.669
435647.364
438857.807
445278.694
440596.479
443806.923
450227.810
445601.754
448812.198
455233.085
440671.339
443881.782
450302.669
445601.754
448812.198
455233.085
450588.329
453798.773
460219.660
