19311584.000
20335440.000
20537438.000
30199992.000
26668926.000
28978154.000
33713548.000
30637582.000
37064656.000
25580640.000
24453484.000
26540458.000
25518928.000
26558610.000
28395348.000
28656656.000
29929502.000
37121120.000
26821932.000
27344252.000
30488886.000
26233998.000
28105844.000
31684890.000
33753180.000
28193448.000
31517976.000
25109292.000
25823492.000
27726190.000
23216678.000
20512370.000
21685434.000
28269264.000
29978336.000
25505716.000
24043760.000
25719002.000
28436818.000
23638532.000
24678418.000
28400370.000
27610350.000
24543580.000
25847488.000
26780594.000
27421730.000
31864046.000
26959232.000
28081022.000
31758024.000
26386590.000
29771654.000
28897140.000
28371916.000
27706702.000
31206690.000
22128930.000
22233190.000
23665736.000
26320496.000
27132418.000
28304546.000
28275300.000
29055204.000
31202600.000
23636874.000
24622882.000
28142270.000
26285406.000
27125514.000
28513492.000
29203444.000
27786524.000
30019408.000
26225962.000
27504984.000
31702532.000
26406346.000
28152506.000
29017266.000
24721402.000
24421918.000
27216058.000
24165588.000
25142776.000
28367978.000
26221032.000
29985154.000
37167920.000
19523548.000
20417924.000
22401530.000
23781598.000
24749450.000
28399738.000
28132908.000
29328772.000
37203676.000
26501478.000
24050320.000
31059008.000
26409802.000
27130346.000
28430914.000
33838532.000
35363584.000
31665832.000
25063862.000
25808748.000
27433348.000
23440168.000
24865100.000
27507700.000
27683202.000
24520232.000
29757280.000
23798202.000
24803702.000
26903646.000
20301142.000
20699660.000
30703652.000
25573226.000
24432684.000
31448740.000
23702388.000
25896376.000
25653334.000
22096452.000
24693688.000
26487442.000
23548302.000
24420698.000
25389502.000
27922530.000
29177902.000
31354108.000
23183718.000
25261794.000
26582866.000
26371278.000
27204112.000
28402994.000
27978480.000
29157702.000
31339700.000
22732550.000
23227744.000
24404322.000
26326268.000
27167776.000
28371268.000
27899514.000
29157030.000
29285068.000
26504704.000
27421740.000
28701896.000
26331316.000
27187816.000
28425322.000
28331510.000
27704136.000
30400384.000
27744576.000
27731076.000
30536582.000
33704612.000
30013708.000
30730716.000
23916454.000
24736250.000
26158746.000
25668580.000
26828212.000
25897130.000
27620912.000
28889616.000
28779862.000
29593038.000
30495380.000
31795146.000
29628526.000
30545874.000
31805506.000
33769668.000
35326568.000
36261288.000
26559734.000
27701304.000
30436738.000
26675796.000
27746926.000
30536596.000
27643598.000
27775292.000
30750024.000
24089194.000
24890914.000
27215134.000
24175898.000
25011816.000
26491588.000
27685904.000
28698776.000
31534356.000
29617838.000
30523306.000
31804476.000
29599102.000
30536002.000
31803300.000
29656132.000
30581314.000
31890836.000
28878698.000
28974068.000
30860286.000
27765638.000
29020030.000
30627930.000
26651730.000
29085866.000
30715250.000
26535072.000
27784508.000
30833448.000
24059794.000
25028482.000
25926434.000
26368842.000
27215600.000
28434112.000
29631878.000
30513528.000
31850566.000
29624408.000
30579010.000
31841424.000
29689396.000
30602068.000
31928558.000
20150638.000
20467844.000
20727042.000
30927444.000
26850902.000
29848634.000
34428088.000
31663848.000
37892828.000
26362748.000
24655284.000
26748242.000
25722678.000
26800104.000
29868664.000
28882996.000
30175646.000
38313116.000
26973960.000
27563456.000
31249616.000
26481400.000
28347848.000
33011532.000
34800568.000
28479694.000
31885754.000
25473164.000
26007442.000
27339132.000
23222196.000
20696666.000
22345966.000
28441098.000
30699358.000
25748370.000
24264004.000
25995610.000
29191430.000
24261190.000
25035226.000
29740956.000
27743286.000
24971754.000
26332340.000
27024520.000
27725568.000
32337200.000
27313344.000
28430488.000
32956010.000
26901998.000
30886948.000
29488542.000
28015282.000
27961308.000
30960594.000
22310792.000
22663878.000
24519662.000
26773202.000
27636282.000
28854790.000
28605930.000
29422812.000
31766506.000
23884668.000
24998360.000
29865366.000
26956868.000
27845800.000
30364430.000
29301634.000
28092954.000
30590198.000
26711582.000
27943908.000
33172528.000
27172908.000
28668138.000
29615918.000
25070698.000
24656370.000
27488524.000
24409150.000
25433976.000
29428710.000
26439390.000
30277594.000
37865180.000
19721500.000
20702674.000
23671906.000
24076670.000
25092428.000
29766780.000
28500406.000
29773504.000
38354932.000
26670238.000
25298338.000
31861700.000
26629268.000
27405698.000
28924536.000
35050032.000
36667680.000
32262358.000
25253808.000
26029916.000
28773340.000
23593436.000
25273386.000
28000102.000
27814798.000
24986822.000
30073606.000
24057028.000
25098682.000
27946906.000
21717072.000
21046372.000
29445232.000
23931982.000
24825238.000
32511398.000
24072650.000
26331392.000
26087398.000
21697008.000
25863980.000
28014494.000
23964106.000
24891658.000
25935822.000
28160484.000
29464894.000
30923934.000
23648180.000
25803102.000
28778598.000
26780996.000
27649164.000
28959988.000
28350426.000
29626160.000
31336350.000
22741598.000
23597240.000
24853372.000
26976256.000
27897268.000
29256322.000
28377640.000
29711442.000
29891700.000
26875782.000
27849212.000
29193512.000
27224242.000
28218088.000
29571804.000
28890620.000
28006076.000
31088728.000
28129840.000
28129154.000
31154136.000
34370460.000
30299684.000
31230996.000
24063044.000
24915240.000
26363476.000
25994870.000
27216520.000
26259564.000
28014472.000
29367712.000
29212362.000
29775928.000
30727484.000
32063952.000
29861812.000
30833456.000
32153240.000
35023780.000
36795316.000
37818780.000
26840478.000
28072310.000
31630334.000
27081584.000
28274120.000
31529816.000
28651036.000
28420758.000
31476478.000
24289558.000
25197902.000
27853588.000
24464448.000
25371188.000
27904734.000
27997004.000
29063922.000
32762354.000
29904098.000
30875984.000
32209200.000
29990220.000
31010582.000
32367418.000
30287260.000
31107290.000
32535224.000
30797900.000
29432050.000
31299224.000
28397422.000
29739256.000
32222452.000
27349046.000
29958968.000
31740070.000
27061476.000
28435896.000
31606098.000
24353914.000
25381850.000
26318780.000
27036072.000
28011704.000
29317392.000
29888116.000
30847836.000
32233730.000
30037238.000
31059908.000
32418632.000
30176130.000
31220482.000
32630278.000
198186176.000
203331856.000
204771984.000
305672640.000
266639120.000
295376288.000
341600320.000
312772512.000
376344064.000
261245408.000
244718096.000
265346528.000
255151808.000
265592096.000
291242432.000
286496480.000
299201120.000
377123552.000
268116864.000
273608704.000
317977056.000
262515120.000
280936768.000
324856288.000
341902432.000
281833888.000
315137632.000
254841744.000
258308800.000
282115872.000
231291168.000
205405520.000
217155152.000
282544608.000
303895968.000
255344624.000
240397664.000
257314880.000
291533632.000
236551696.000
246972336.000
291838176.000
275133280.000
245707104.000
258776592.000
267724064.000
274372544.000
326430304.000
269492608.000
280712032.000
325582144.000
264058496.000
300454720.000
289218752.000
290492032.000
277279392.000
318545536.000
221294368.000
222682640.000
256648576.000
264788928.000
273259008.000
285383776.000
288894304.000
290768672.000
318700128.000
236514832.000
246484832.000
285760416.000
264474912.000
273217248.000
292394048.000
287540768.000
278166016.000
305309760.000
262557456.000
275377568.000
323447072.000
265439136.000
281874752.000
290978976.000
252142320.000
243857040.000
271595104.000
241230640.000
251052928.000
288568928.000
262116176.000
299742464.000
377420032.000
195216704.000
204166944.000
228565936.000
237744608.000
247431488.000
290286176.000
281728640.000
293692416.000
377904800.000
265055936.000
245966864.000
317008352.000
264135776.000
271472192.000
284741920.000
343336960.000
359185920.000
316600864.000
250669248.000
258104512.000
277164896.000
233489872.000
248233520.000
274537760.000
275845888.000
244784208.000
296194944.000
238036736.000
248096224.000
283369248.000
208075744.000
207286944.000
298425568.000
256479792.000
244618656.000
319489440.000
237021056.000
258904992.000
256654096.000
231633616.000
251470864.000
274118368.000
235770960.000
244510176.000
254466192.000
279382592.000
291970176.000
319997728.000
231305600.000
252042256.000
272510112.000
265307376.000
273942624.000
286436096.000
279961504.000
291785824.000
320045440.000
239126224.000
237465808.000
254868096.000
264894528.000
273618464.000
286527712.000
279156416.000
291801344.000
293130848.000
265308912.000
274432288.000
287243360.000
265650288.000
274699168.000
287578400.000
279600992.000
276716992.000
316520832.000
277131360.000
276980768.000
315805280.000
340865440.000
300185792.000
307227392.000
239162368.000
247345216.000
261254608.000
256714752.000
268356496.000
259000640.000
276547200.000
289260992.000
287914400.000
295670592.000
304624480.000
317643904.000
296029600.000
305168512.000
317838432.000
342580160.000
358581984.000
368068992.000
265261216.000
276691264.000
312097984.000
266414080.000
277140480.000
316533664.000
280851552.000
277513344.000
307338656.000
240872112.000
248760896.000
272300416.000
241633120.000
249962944.000
267583008.000
276080960.000
286227936.000
318978368.000
295910912.000
304913696.000
317673920.000
295698752.000
305021632.000
317769344.000
296555552.000
305849312.000
318910496.000
301493184.000
289305664.000
308733984.000
277244000.000
289759904.000
317909344.000
265934400.000
290178144.000
306369472.000
265461328.000
278033920.000
308489984.000
241953696.000
250220080.000
259260208.000
265019648.000
273690752.000
286289824.000
296183936.000
305023296.000
319464544.000
296211584.000
305662304.000
318507488.000
297104384.000
306313024.000
319708224.000
